INTEGRATED IONIZING EMISSIVITY  [ionizations s^-1 cMpc^-3]

HYDROGEN branch
 z     x_e    photons       CR e- lo      CR e- hi      ratio(mid)   
 6     1e-04  1.136e+51     1.347e+46     5.351e+47     7.475e-05    
 6     1e-03  1.124e+51     1.321e+46     5.23e+47      7.397e-05    
 6     1e-02  1.073e+51     1.182e+46     4.544e+47     6.833e-05    
 6     1e-01  9.996e+50     8.062e+45     2.566e+47     4.550e-05    
 8     1e-04  4.418e+50     4.857e+45     2.06e+47      7.159e-05    
 8     1e-03  4.372e+50     4.765e+45     2.014e+47     7.085e-05    
 8     1e-02  4.174e+50     4.266e+45     1.751e+47     6.548e-05    
 8     1e-01  3.89e+50      2.912e+45     9.91e+46      4.367e-05    
 10    1e-04  1.885e+50     1.907e+45     8.665e+46     6.820e-05    
 10    1e-03  1.865e+50     1.871e+45     8.473e+46     6.750e-05    
 10    1e-02  1.781e+50     1.676e+45     7.373e+46     6.242e-05    
 10    1e-01  1.66e+50      1.147e+45     4.18e+46      4.171e-05    
 12    1e-04  7.678e+49     7.171e+44     3.479e+46     6.505e-05    
 12    1e-03  7.599e+49     7.038e+44     3.402e+46     6.439e-05    
 12    1e-02  7.257e+49     6.309e+44     2.962e+46     5.956e-05    
 12    1e-01  6.763e+49     4.325e+44     1.682e+46     3.988e-05    
 15    1e-04  2.02e+49      1.69e+44      8.958e+45     6.093e-05    
 15    1e-03  1.999e+49     1.659e+44     8.761e+45     6.031e-05    
 15    1e-02  1.909e+49     1.488e+44     7.633e+45     5.582e-05    
 15    1e-01  1.779e+49     1.024e+44     4.345e+45     3.749e-05    

HELIUM branch
 z     x_e    photons       CR e- lo      CR e- hi      ratio(mid)   
 6     1e-04  1.616e+50     1.155e+45     4.299e+46     4.361e-05    
 6     1e-03  1.614e+50     1.133e+45     4.203e+46     4.276e-05    
 6     1e-02  1.602e+50     1.014e+45     3.655e+46     3.800e-05    
 6     1e-01  1.579e+50     6.917e+44     2.074e+46     2.399e-05    
 8     1e-04  6.287e+49     4.167e+44     1.654e+46     4.176e-05    
 8     1e-03  6.279e+49     4.088e+44     1.617e+46     4.095e-05    
 8     1e-02  6.234e+49     3.66e+44      1.408e+46     3.641e-05    
 8     1e-01  6.144e+49     2.499e+44     8.004e+45     2.302e-05    
 10    1e-04  2.682e+49     1.636e+44     6.952e+45     3.976e-05    
 10    1e-03  2.678e+49     1.605e+44     6.798e+45     3.900e-05    
 10    1e-02  2.659e+49     1.438e+44     5.921e+45     3.470e-05    
 10    1e-01  2.621e+49     9.839e+43     3.373e+45     2.198e-05    
 12    1e-04  1.093e+49     6.153e+43     2.788e+45     3.791e-05    
 12    1e-03  1.091e+49     6.038e+43     2.727e+45     3.719e-05    
 12    1e-02  1.083e+49     5.413e+43     2.376e+45     3.310e-05    
 12    1e-01  1.068e+49     3.711e+43     1.356e+45     2.101e-05    
 15    1e-04  2.874e+48     1.45e+43      7.172e+44     3.549e-05    
 15    1e-03  2.87e+48      1.423e+43     7.015e+44     3.482e-05    
 15    1e-02  2.85e+48      1.277e+43     6.118e+44     3.101e-05    
 15    1e-01  2.809e+48     8.782e+42     3.499e+44     1.974e-05    


PER-PRIMARY YIELDS at z=10, x_e=1e-4  (engine A)

 HI : E [eV]     N_gamma       N_electron   
      20         1             0.11656      
      100        2.2057        2.4043       
      1e+03      26.289        26.557       
      1e+04      255.49        255.74       
      1e+05      2039.8        2039.9       
      1e+06      6082.7        6082.5       
      1e+08      9193.4        9193.1       
      1e+10      10442         10441        
      1e+12      10957         10957        

 HeI : E [eV]     N_gamma       N_electron   
      20         nan           0            
      100        0.66727       0.0709       
      1e+03      2.4427        1.7814       
      1e+04      21.25         20.576       
      1e+05      172.32        171.62       
      1e+06      520.66        519.94       
      1e+08      798.19        797.47       
      1e+10      910.52        909.79       
      1e+12      955.44        954.72       


PHOTON ABSORPTION BRANCHING (helium fully neutral)
 E [eV]     P(H I)       P(He I)     
 14         1.00000      0.00000     
 20         1.00000      0.00000     
 24.7       0.67087      0.32913     
 30         0.61744      0.38256     
 50         0.49072      0.50928     
 100        0.37727      0.62273     
 300        0.31558      0.68442     
 1000       0.29522      0.70478     
 1e+04      0.28161      0.71839     
 5e+04      0.27821      0.72179     
