                  T1(MeV)	CS[Ep/T1=0.0000000000000]	RelErr[Ep/T1=0.000]	CS[Ep/T1=0.1000000000000]	RelErr[Ep/T1=0.100]	CS[Ep/T1=0.2000000000000]	RelErr[Ep/T1=0.200]	CS[Ep/T1=0.3000000000000]	RelErr[Ep/T1=0.300]	CS[Ep/T1=0.4000000000000]	RelErr[Ep/T1=0.400]	CS[Ep/T1=0.5000000000000]	RelErr[Ep/T1=0.500]	CS[Ep/T1=0.6000000000000]	RelErr[Ep/T1=0.600]	CS[Ep/T1=0.7000000000000]	RelErr[Ep/T1=0.700]	CS[Ep/T1=0.8000000000000]	RelErr[Ep/T1=0.800]	CS[Ep/T1=0.9000000000000]	RelErr[Ep/T1=0.900]	CS[Ep/T1=0.9500000000000]	RelErr[Ep/T1=0.950]
  1.00000000000000008E-05	  7.75148569392526406E+04	  2.03396730000E-05	  7.60083464698500029E+04	  5.74362712000E-06	  7.56294764512980037E+04	 -9.10428212000E-04	  7.62730810252590018E+04	 -5.61068515000E-04	  7.76430638112269953E+04	 -2.82883883000E-04	  7.93361531054090010E+04	 -3.90557825000E-04	  8.09497553079200006E+04	 -5.33807440000E-04	  8.21611334292359970E+04	 -1.37531531000E-04	  8.27452471451089950E+04	 -1.40592180000E-04	  8.20343265024379943E+04	 -6.89383700000E-06	  7.88678480782050028E+04	 -3.26613841000E-07
  1.20000000000000003E-05	  7.08823288989908906E+04	  1.89942290000E-05	  6.96773629577789980E+04	  6.20245406000E-06	  6.95501835357079981E+04	  3.40441785000E-06	  7.03476747936089960E+04	 -9.47520456000E-04	  7.17255968164609949E+04	 -4.72684714000E-04	  7.32697714471450017E+04	 -1.80176388000E-04	  7.46169928432629968E+04	 -1.86362947000E-04	  7.55104185721929971E+04	 -1.83859911000E-04	  7.57894645284650032E+04	 -2.31103725000E-05	  7.52305145722820016E+04	 -8.11386507000E-06	  7.34309973028380045E+04	 -3.71462784000E-07
  1.50000000000000004E-05	  6.29263729312203504E+04	  1.09500570000E-05	  6.20311227683920006E+04	  8.87335674000E-06	  6.21340746808690019E+04	  4.68101141000E-06	  6.30203136593000017E+04	 -6.97375846000E-04	  6.43003280948379979E+04	 -3.10641941000E-04	  6.55805459835380025E+04	 -3.04060113000E-04	  6.65827333942050027E+04	 -7.76910774000E-05	  6.71512493595260021E+04	 -5.29304219000E-05	  6.71833840665549942E+04	 -2.97313262000E-05	  6.65925796437910030E+04	 -7.06455349000E-07	  6.57554575834959978E+04	 -1.60585604000E-08
  2.00000000000000016E-05	  5.32261975620449011E+04	  1.16313030000E-05	  5.26381813631909972E+04	  3.17305656000E-05	  5.29194973180090019E+04	  1.66496545000E-05	  5.37732460644210005E+04	  6.07607148000E-06	  5.47839506742649974E+04	 -6.22617700000E-04	  5.56386273708340013E+04	 -1.93107238000E-04	  5.62032359443469977E+04	 -1.27957912000E-04	  5.64545965267430001E+04	 -1.78707541000E-05	  5.63545702138440029E+04	 -5.98969555000E-06	  5.57599548870700019E+04	 -8.43832240000E-07	  5.53409842457120030E+04	 -1.85399494000E-08
  2.50000000000000012E-05	  4.63028060267925030E+04	  1.69796360000E-05	  4.58907123662910017E+04	  4.49159445000E-05	  4.62309367676659967E+04	  2.22576458000E-05	  4.69677391090329984E+04	  7.29867065000E-06	  4.76984008864580028E+04	 -4.34304868000E-04	  4.82057771074799966E+04	 -2.89046274000E-04	  4.84681366931869998E+04	 -5.56392343000E-05	  4.85414802725710033E+04	 -2.29702625000E-05	  4.84279222757449970E+04	 -1.19372196000E-06	  4.79364633752189984E+04	 -7.83647951000E-08	  4.75695416151739992E+04	 -8.61524510000E-10
  3.00000000000000008E-05	  4.10984251803623702E+04	  1.76855790000E-05	  4.07959254159679986E+04	  5.51326815000E-05	  4.11424336308479978E+04	  2.56824897000E-05	  4.17417805357890029E+04	 -8.83409566000E-04	  4.22257796033190025E+04	 -2.89716898000E-04	  4.24672843591959972E+04	 -1.54104109000E-04	  4.25213186729809968E+04	 -7.00958014000E-05	  4.24843068125970021E+04	 -6.94372356000E-06	  4.23818362242570001E+04	 -1.34341654000E-06	  4.20171747757109988E+04	 -7.44956290000E-09	  4.16641787057949987E+04	 -4.10804142000E-11
  4.00000000000000033E-05	  3.37616421463033184E+04	  3.05015970000E-05	  3.35816779700330007E+04	  6.59688815000E-05	  3.38800495509269967E+04	  4.52199529000E-05	  3.42207024810099974E+04	  1.13999628000E-05	  3.43315395335709982E+04	 -4.88187003000E-04	  3.42250129121479986E+04	 -9.78866883000E-05	  3.40319698728189978E+04	 -3.25027603000E-05	  3.38678625359169964E+04	 -8.55994732000E-06	  3.37773008404810025E+04	 -2.77089953000E-07	  3.36113417808540034E+04	 -7.99757872000E-09	  3.33213945565929971E+04	 -4.32755060000E-11
  5.00000000000000024E-05	  2.88078381276955770E+04	  1.68871540000E-05	  2.86891160989800010E+04	  1.01971127000E-04	  2.89166808820980004E+04	  6.09722405000E-05	  2.90489739737179989E+04	  1.31976506000E-05	  2.89156081285110013E+04	 -3.46786695000E-04	  2.86156603472300012E+04	 -1.26656384000E-04	  2.82970715431550016E+04	 -1.41037119000E-05	  2.80615911419580007E+04	 -2.63942725000E-06	  2.79563467010189997E+04	 -2.96253844000E-07	  2.78951527694309989E+04	 -7.74642016000E-10	  2.76883442829519990E+04	 -2.10316392000E-12
  6.00000000000000015E-05	  2.52186194960649154E+04	  3.70600900000E-05	  2.51341117384390018E+04	  1.20519845000E-04	  2.52903893123150010E+04	  7.07637094000E-05	  2.52628013463550014E+04	  1.31673643000E-05	  2.49718912676120017E+04	 -4.38353158000E-04	  2.45642527077410014E+04	 -6.78961665000E-05	  2.41790988174619997E+04	 -1.58620580000E-05	  2.38971533970529999E+04	 -8.02297788000E-07	  2.37626377558259992E+04	 -5.82926711000E-08	  2.37421629194050001E+04	 -7.91308438000E-10	  2.36079443358380013E+04	 -2.13936712000E-12
  8.00000000000000065E-05	  2.03337720347047652E+04	  3.80665180000E-05	  2.02817010873350009E+04	  2.33112040000E-05	  2.03144052528100001E+04	  1.11785924000E-04	  2.00742023593490012E+04	  1.68979699000E-05	  1.96177630311229987E+04	 -3.19342042000E-04	  1.91190738953530017E+04	 -8.29581742000E-05	  1.86782240968519982E+04	 -6.81899909000E-06	  1.83392968613090015E+04	 -8.65394295000E-07	  1.81380890271710014E+04	 -1.17631534000E-08	  1.81085552963900009E+04	 -7.89301476000E-11	  1.80674474861300005E+04	 -1.08127870000E-13
  1.00000000000000005E-04	  1.71403014161344508E+04	  2.09550640000E-05	  1.70994437144900003E+04	  3.31449220000E-05	  1.70376201103439998E+04	  9.70852207000E-05	  1.66758596981660012E+04	  1.73017237000E-05	  1.61553788425170005E+04	 -2.13458492000E-04	  1.56361050707659997E+04	 -4.37729701000E-05	  1.51807875216100001E+04	 -7.22736409000E-06	  1.48102933732340007E+04	 -2.61087204000E-07	  1.45537419846619996E+04	 -1.21922098000E-08	  1.44768912533120001E+04	 -8.01331351000E-12	  1.44772808072749995E+04	 -5.52835403000E-15
  1.20000000000000003E-04	  1.48751796946193754E+04	  2.52851510000E-05	  1.48372114251990006E+04	  4.21641002000E-05	  1.47032909675089995E+04	  1.08594114000E-04	  1.42731478886299992E+04	  1.57553006000E-05	  1.37340531666740007E+04	 -2.38216652000E-04	  1.32195169521049993E+04	 -2.25058236000E-05	  1.27645995038130004E+04	 -2.90609604000E-06	  1.23769661218959991E+04	 -2.67986268000E-07	  1.20811708732589996E+04	 -2.45414335000E-09	  1.19555754225490000E+04	 -8.57736604000E-12	  1.19694162587920000E+04	 -6.07879069000E-15
  1.49999999999999987E-04	  1.24773880652572552E+04	  2.53955530000E-05	  1.24373470584170009E+04	  5.88624769000E-05	  1.22261335057670003E+04	  1.26478149000E-04	  1.17480001225950000E+04	  2.27749173000E-05	  1.12164317000190003E+04	 -2.60630540000E-04	  1.07239916528379999E+04	 -2.36357445000E-05	  1.02799058580540004E+04	 -2.99304157000E-06	  9.88267845611899975E+03	 -8.14997760000E-08	  9.55244602779600064E+03	 -2.63630666000E-09	  9.36957760341940048E+03	 -9.24484316000E-13	  9.38016447495119974E+03	 -7.36891102000E-15
  2.00000000000000010E-04	  9.91497380335228809E+03	  2.13721800000E-05	  9.86597424373019930E+03	  9.71230560000E-05	  9.57768930871299926E+03	  1.66741233000E-04	  9.08719510661169988E+03	  2.14385512000E-05	  8.59580088427070041E+03	 -1.63414669000E-04	  8.14561802690350032E+03	 -2.45536986000E-05	  7.72750054845560044E+03	 -1.22628991000E-06	  7.33665667659940027E+03	 -2.57423440000E-08	  6.98861654480660036E+03	 -5.82780327000E-10	  6.75185804066330002E+03	 -1.15144019000E-12	  6.73950873150670031E+03	 -9.44647921000E-15
  2.50000000000000005E-04	  8.27741133174280549E+03	  2.82574450000E-05	  8.21859089225569915E+03	  1.65575415000E-04	  7.89076685098800044E+03	  1.71704592000E-04	  7.41850749536170042E+03	 -9.90595729000E-04	  6.96970153702059997E+03	 -1.68859187000E-04	  6.55663122634790034E+03	 -2.54150449000E-05	  6.16567349649839980E+03	 -1.30071589000E-06	  5.79301493038480021E+03	 -2.83555032000E-08	  5.45072342566990028E+03	 -1.29422273000E-10	  5.19262528313159964E+03	 -1.35742203000E-13	  5.15801858765910038E+03	 -1.23428460000E-14
  2.99999999999999974E-04	  7.13322360068742728E+03	  3.97224220000E-05	  7.06516272601940000E+03	  2.13909679000E-04	  6.71849104333430023E+03	  9.94501507000E-05	  6.27289824171510008E+03	  2.37299861000E-05	  5.86102687035700001E+03	 -1.73117775000E-04	  5.47908161293519970E+03	 -1.29112307000E-05	  5.11384241857910001E+03	 -1.39747172000E-06	  4.76293257511669981E+03	 -3.15063341000E-08	  4.43544788952579984E+03	 -1.49391617000E-10	  4.17254218105159998E+03	 -1.59119094000E-14	  4.12128486707930006E+03	 -8.82729276000E-16
  4.00000000000000019E-04	  5.62903368294019947E+03	  4.42099050000E-05	  5.54567695253469992E+03	  3.00687550000E-04	  5.19138133737130011E+03	  1.04443442000E-04	  4.79927207630239991E+03	  2.56375213000E-05	  4.44450016302069980E+03	 -1.07285539000E-04	  4.11157988650599964E+03	 -6.89580604000E-06	  3.79144720746760004E+03	 -6.25500859000E-07	  3.48331706767830019E+03	 -1.10776198000E-08	  3.19150829659010014E+03	 -3.70701838000E-11	  2.93915760976130014E+03	 -2.22797234000E-14	  2.86861435039980006E+03	 -1.26820073000E-15
  5.00000000000000010E-04	  4.67697400844312870E+03	  3.82243650000E-05	  4.58224652157519995E+03	  3.50170315000E-04	  4.23782106965040020E+03	  1.44074352000E-04	  3.89002217353920014E+03	 -7.74390495000E-04	  3.57647394663260002E+03	 -1.14390733000E-04	  3.28088213635930015E+03	 -7.63897170000E-06	  2.99771466267469987E+03	 -2.77637430000E-07	  2.72630116064100002E+03	 -3.81719264000E-09	  2.46757517458229995E+03	 -4.56843608000E-11	  2.23373105577290016E+03	 -3.05372943000E-15	  2.15514717993749991E+03	  8.37469276000E-07
  5.99999999999999947E-04	  4.01616627341756111E+03	  4.53328250000E-05	  3.91314673673090010E+03	  3.83170348000E-04	  3.58455821037550004E+03	  1.56811840000E-04	  3.27182667764730013E+03	 -8.05359644000E-04	  2.98957727839459994E+03	 -1.22873313000E-04	  2.72370783596059982E+03	 -8.44854511000E-06	  2.47078322226489990E+03	 -3.14475057000E-07	  2.22959851515270020E+03	 -4.42235913000E-09	  1.99878271960529992E+03	 -1.06692960000E-11	  1.78378637879150006E+03	 -2.54933750000E-16	  1.70277633280109990E+03	  9.88503623000E-07
  8.00000000000000038E-04	  3.15324642617082282E+03	  3.59710570000E-05	  3.03974364758410002E+03	  4.20243116000E-04	  2.74538568110959977E+03	  1.82442544000E-04	  2.48344716307660019E+03	 -5.98489590000E-04	  2.24639892447530019E+03	 -8.18667074000E-05	  2.02529480204509991E+03	 -1.00555867000E-05	  1.81810728246019994E+03	 -3.83704558000E-07	  1.62224679565540009E+03	 -5.54414825000E-09	  1.43379594712960011E+03	 -1.40146501000E-11	  1.25118060723529993E+03	 -3.63454603000E-16	  1.17228423760069995E+03	  1.37917346000E-07
  1.00000000000000002E-03	  2.61068925003006689E+03	  5.45602780000E-05	  2.49179083845390005E+03	  4.14176835000E-04	  2.22815654240399999E+03	  1.45432894000E-04	  2.00084464622390010E+03	 -6.53842742000E-04	  1.79562112742380009E+03	 -9.21960398000E-05	  1.60676199722539991E+03	 -5.63153110000E-06	  1.43204113147590010E+03	 -1.75689245000E-07	  1.26783742578250008E+03	 -1.96939299000E-09	  1.10917673707459994E+03	 -3.57487621000E-12	  9.51464622249019953E+02	 -1.19486143000E-16	  8.77659250252159950E+02	  1.56700575000E-07
  1.19999999999999989E-03	  2.23589183176968663E+03	  3.92587880000E-05	  2.11463695358330006E+03	  3.86621917000E-04	  1.87654939233270011E+03	  1.50720946000E-04	  1.67461515589600003E+03	 -4.81950810000E-04	  1.49341659636260010E+03	 -5.94178104000E-05	  1.32888227247899999E+03	 -3.10618098000E-06	  1.17817380375769994E+03	 -8.04354994000E-08	  1.03706426943619999E+03	 -7.40747612000E-10	  9.00217698668560047E+02	 -1.49904047000E-12	  7.61712279850799973E+02	  5.05573688000E-07	  6.93383724019329975E+02	  1.97674388000E-06
  1.50000000000000003E-03	  1.84815985636639743E+03	  4.73822270000E-05	  1.72658044244329994E+03	  2.92000458000E-04	  1.51870613632420009E+03	  1.23587984000E-04	  1.34453545581710000E+03	 -3.64882416000E-04	  1.19034166836479994E+03	 -6.70151557000E-05	  1.05276388718940007E+03	 -3.57700942000E-06	  9.28088892928930022E+02	 -9.93758195000E-08	  8.11715034518069956E+02	 -1.32263131000E-09	  6.98322997373599947E+02	 -1.05647296000E-11	  5.81334709044529973E+02	 -9.77808790000E-16	  5.20505631001969959E+02	  6.39779397000E-07
  2.00000000000000004E-03	  1.44418498815562339E+03	  4.81045290000E-05	  1.32590574418289998E+03	  2.35944584000E-04	  1.15349250408950002E+03	  1.05646940000E-04	  1.01056025243210001E+03	 -4.19837683000E-04	  8.87198245967909997E+02	 -4.57959873000E-05	  7.79501597386150024E+02	 -2.24392810000E-06	  6.82942273599010036E+02	 -9.36162721000E-08	  5.92965315400719987E+02	 -6.19724565000E-09	  5.04745206323850027E+02	 -1.84280625000E-10	  4.11833206271430015E+02	 -6.21114036000E-14	  3.60913632647460020E+02	  2.59853610000E-06
  2.50000000000000005E-03	  1.19182861471946444E+03	  1.82577460000E-05	  1.07848184671989998E+03	  2.12695085000E-04	  9.30210904548339954E+02	  7.29967692000E-05	  8.08462376812969978E+02	 -3.18047978000E-04	  7.05855287427659960E+02	 -3.13756833000E-05	  6.17568911009630028E+02	 -1.74001540000E-06	  5.38874991529979980E+02	 -2.13413611000E-07	  4.65534149062080019E+02	 -3.10372455000E-08	  3.93284351578239978E+02	 -1.38137186000E-09	  3.16182470169989983E+02	 -1.09791906000E-12	  2.72568395633809985E+02	  4.06728405000E-07
  3.00000000000000006E-03	  1.01833199743952946E+03	  2.76750870000E-05	  9.10159522076960002E+02	  1.95126964000E-04	  7.79365557522889958E+02	  7.53182701000E-05	  6.73177000422790002E+02	 -3.46237663000E-04	  5.85482150930999978E+02	 -3.66071888000E-05	  5.10750518432389981E+02	 -2.85379249000E-06	  4.44368250814049986E+02	 -5.99417135000E-07	  3.82450547118220015E+02	 -1.10537163000E-07	  3.21229329931849975E+02	 -6.52256349000E-09	  2.55294882375649991E+02	 -9.69942284000E-12	  2.17200041846780010E+02	  6.93474096000E-07
  4.00000000000000008E-03	  7.94029075150661811E+02	  3.49640420000E-05	  6.95367146117829975E+02	  1.66544902000E-04	  5.88382344270469957E+02	  7.18407779000E-05	  5.03750618857140012E+02	 -1.95586367000E-04	  4.35985172725310008E+02	 -3.59859737000E-05	  3.78851935750660004E+02	 -6.51950443000E-06	  3.28284541397979979E+02	 -2.36987933000E-06	  2.81022945930619983E+02	 -5.80311095000E-07	  2.34044304967849996E+02	 -5.05024054000E-08	  1.82844601139719998E+02	 -1.80900468000E-10	  1.52468167861490002E+02	 -4.41793538000E-14
  5.00000000000000010E-03	  6.54461058988754530E+02	  3.39675920000E-05	  5.63730537337080023E+02	  1.59219589000E-04	  4.72460016175579995E+02	  5.49341845000E-05	  4.02154479417430025E+02	 -2.36271242000E-04	  3.47031401080100011E+02	 -5.68825064000E-05	  3.00779532754150011E+02	 -1.57843568000E-05	  2.59909346452429986E+02	 -6.69817209000E-06	  2.21645475949400009E+02	 -1.90828263000E-06	  1.83474726656299993E+02	 -2.18884797000E-07	  1.41570231398400011E+02	 -1.41996050000E-09	  1.16310219079769993E+02	 -7.47134493000E-13
  6.00000000000000012E-03	  5.58793826184110344E+02	  4.52099590000E-05	  4.74605546905350025E+02	  1.35613560000E-04	  3.94647816335719995E+02	  5.16707149000E-05	  3.34575930801919981E+02	 -2.19910269000E-04	  2.88141972673940018E+02	 -7.21543416000E-05	  2.49269339950620008E+02	 -2.96441110000E-05	  2.14942449487089988E+02	 -1.38692055000E-05	  1.82762578459629992E+02	 -4.47032540000E-06	  1.50583632076329991E+02	 -6.15593951000E-07	  1.15084262871090004E+02	 -6.21667721000E-09	  9.34586973518809998E+01	 -6.26709557000E-12
  8.00000000000000017E-03	  4.35510176821089772E+02	  4.83027270000E-05	  3.61367760093959987E+02	  1.23413522000E-04	  2.96885852964730020E+02	  5.33907255000E-05	  2.50436638074020010E+02	 -2.88150434000E-04	  2.15100439987209995E+02	 -1.25489712000E-04	  1.85591771118410009E+02	 -6.96169932000E-05	  1.59527917011990013E+02	 -3.69374245000E-05	  1.35050482837239997E+02	 -1.38974755000E-05	  1.10509184418610005E+02	 -2.55745221000E-06	  8.32738351966650043E+01	 -4.74439416000E-08	  6.64663954935000021E+01	 -1.00705626000E-10
  1.00000000000000002E-02	  3.59068262859799631E+02	  4.42562330000E-05	  2.92283678078590015E+02	  1.24808075000E-04	  2.38038225179920005E+02	  4.31673150000E-05	  2.00167821207879996E+02	 -3.17507526000E-04	  1.71632840485570000E+02	 -2.10660097000E-04	  1.47817929454730006E+02	 -1.32225910000E-04	  1.26757461585990001E+02	 -7.51151443000E-05	  1.06960845374450003E+02	 -3.19054875000E-05	  8.70866730178450013E+01	 -7.05012885000E-06	  6.49611203099750014E+01	 -1.97953595000E-07	  5.12043333768730022E+01	 -4.51149515000E-10
  1.20000000000000002E-02	  3.06812208515714758E+02	  4.32503030000E-05	  2.45682292340109996E+02	  1.20073059000E-04	  1.98766417881290010E+02	  3.61135905000E-05	  1.66899159353940007E+02	 -2.66461513000E-04	  1.42758892420040013E+02	 -2.04504463000E-04	  1.22837019422289998E+02	 -2.07785097000E-04	  1.05133586686789997E+02	 -1.27703651000E-04	  8.84888137945140016E+01	 -5.84527314000E-05	  7.17646423447390021E+01	 -1.49614885000E-05	  5.31143110226499999E+01	 -5.74165839000E-07	  4.14637377722119993E+01	 -1.45026316000E-09
  1.49999999999999994E-02	  2.53287135094278995E+02	  3.49435180000E-05	  1.98603161879499993E+02	  1.01476763000E-04	  1.59499072337210009E+02	 -9.88112975000E-04	  1.33624810019189994E+02	 -2.54319180000E-04	  1.14111500662980006E+02	 -1.69304133000E-04	  9.79917621434029940E+01	 -2.07470379000E-04	  8.37068610390570029E+01	 -2.28729604000E-04	  7.02411400255190017E+01	 -1.15775194000E-04	  5.67029548776569996E+01	 -3.45275452000E-05	  4.15880670109020016E+01	 -1.84888220000E-06	  3.21059355863630032E+01	 -5.70961516000E-09
  2.00000000000000004E-02	  1.98188439619132879E+02	  4.08692490000E-05	  1.51022425125929999E+02	  8.39270442000E-05	  1.20306061046089994E+02	 -8.34641711000E-04	  1.00487595191349996E+02	 -1.69501119000E-04	  8.56516801977900002E+01	 -1.35334591000E-04	  7.33802934030489951E+01	 -1.62799554000E-04	  6.24944424636840026E+01	 -2.08566417000E-04	  5.22466889023270014E+01	 -2.43368514000E-04	  4.19338841982429997E+01	 -8.51905869000E-05	  3.04202501929649998E+01	 -6.60772767000E-06	  2.31736044770409997E+01	 -2.34269894000E-08
  2.50000000000000014E-02	  1.64178818476646740E+02	  3.67882630000E-05	  1.22237250568350007E+02	  7.58036052000E-05	  9.68561659634650027E+01	 -7.06248370000E-04	  8.07581515265830063E+01	 -1.53541476000E-04	  6.86977978554370026E+01	 -1.10091172000E-04	  5.87283299155829965E+01	 -1.31386995000E-04	  4.98898258340650003E+01	 -1.69073778000E-04	  4.15820637135349997E+01	 -2.27132211000E-04	  3.32333458907500017E+01	 -1.56170694000E-04	  2.39141441068030005E+01	 -1.54323010000E-05	  1.80435421390249999E+01	 -7.12466401000E-08
  2.99999999999999989E-02	  1.41015555565797456E+02	  3.37281340000E-05	  1.02958823802230000E+02	  7.89737874000E-05	  8.12497200594240070E+01	 -6.69409420000E-04	  6.76263011733190069E+01	 -1.27764652000E-04	  5.74358928346910034E+01	 -9.56586026000E-05	  4.90105605955699986E+01	 -1.15079905000E-04	  4.15475454517929990E+01	 -1.45463100000E-04	  3.45370280058169996E+01	 -1.94923759000E-04	  2.75093930269679987E+01	 -2.50498146000E-04	  1.96685151407980001E+01	 -2.77214256000E-05	  1.47307417495959996E+01	 -1.50186903000E-07
  4.00000000000000008E-02	  1.11388821570790029E+02	  2.32108940000E-05	  7.87860448801079940E+01	  7.57106808000E-05	  6.18379625127270032E+01	 -5.50529493000E-04	  5.13052009391520016E+01	 -1.04434610000E-04	  4.34391115350600003E+01	 -7.39983207000E-05	  3.69400589511660016E+01	 -8.51817238000E-05	  3.11963378091289982E+01	 -1.07742738000E-04	  2.58187664940660007E+01	 -1.42404296000E-04	  2.04471865396849992E+01	 -2.08849412000E-04	  1.44784259478979997E+01	 -3.27770852000E-05	  1.07252137426049998E+01	 -4.25038942000E-07
  5.00000000000000028E-02	  9.31776598791047093E+01	  2.93006230000E-05	  6.42644351525789972E+01	  7.53774113000E-05	  5.02355046230130000E+01	 -6.22385081000E-04	  4.15582300707559966E+01	 -9.09845313000E-05	  3.50854017308650015E+01	 -5.67866595000E-05	  2.97462578908390007E+01	 -6.54755041000E-05	  2.50369994410099999E+01	 -8.10016493000E-05	  2.06422458590120002E+01	 -1.00819920000E-04	  1.62703753372939985E+01	 -1.36366707000E-04	  1.14361995169770001E+01	 -4.46203701000E-05	  8.40379013306169931E+00	 -7.89816322000E-07
  5.99999999999999978E-02	  8.08215070591298712E+01	  3.17573630000E-05	  5.45904004949260013E+01	  8.15572077000E-05	  4.25220073435299994E+01	 -6.62298345000E-04	  3.50867458216039978E+01	 -9.21399343000E-05	  2.95441126231360016E+01	 -4.93969707000E-05	  2.49766544861280018E+01	 -5.41943571000E-05	  2.09578428988430012E+01	 -5.53991970000E-05	  1.72197809501799988E+01	 -3.71899334000E-05	  1.35171287933720006E+01	 -5.26060050000E-05	  9.44332857906990064E+00	 -5.93468130000E-05	  6.89548924363229965E+00	 -1.38639486000E-06
  8.00000000000000017E-02	  6.50965540519292745E+01	  3.62575980000E-05	  4.25323066682920015E+01	  9.72828093000E-05	  3.29343380755950008E+01	 -6.43566626000E-04	  2.70469527192999983E+01	 -9.58870523000E-05	  2.26577161878769999E+01	 -2.87732893000E-05	  1.90542696182279983E+01	 -1.57087487000E-05	  1.58998497887029995E+01	 -1.31650237000E-05	  1.29849567745940000E+01	 -1.21173461000E-05	  1.01206046740879998E+01	 -1.61118481000E-05	  6.99971916819090012E+00	 -2.47550828000E-05	  5.06194492609419999E+00	 -2.50144530000E-06
  1.00000000000000006E-01	  5.54969639349074058E+01	  2.92629980000E-05	  3.53470299391370020E+01	  7.72215511000E-04	  2.72299564805440006E+01	 -6.50372637000E-04	  2.22594664384509997E+01	 -1.05878091000E-04	  1.85611545085030016E+01	 -1.63447995000E-05	  1.55340423913319992E+01	 -6.46069675000E-06	  1.28970762140769999E+01	 -5.59070347000E-06	  1.04756442390009994E+01	 -5.81530213000E-06	  8.11422949963299978E+00	 -6.83092528000E-06	  5.56564281264930028E+00	 -1.08479555000E-05	  3.99522373862370017E+00	 -3.97923434000E-06
  1.19999999999999996E-01	  4.90265502977510437E+01	  3.41020640000E-05	  3.05780935328310015E+01	  6.15709159000E-04	  2.34580872654819999E+01	 -8.40378004000E-04	  1.90950553416729996E+01	 -5.26447014000E-05	  1.58539978797140009E+01	 -1.16671829000E-05	  1.32094513498790000E+01	 -4.08704804000E-06	  1.09159172084569995E+01	 -3.67568034000E-06	  8.82221102414800029E+00	 -3.93970110000E-06	  6.79542669194830040E+00	 -4.60119459000E-06	  4.62751815892200025E+00	 -6.64779375000E-06	  3.30172429175410009E+00	 -6.31078988000E-06
  1.49999999999999994E-01	  4.25066138489841308E+01	  2.41938240000E-05	  2.58614272576620010E+01	  3.60473403000E-04	  1.97270108651189986E+01	 -8.62892931000E-04	  1.59664290231939994E+01	 -7.89854985000E-05	  1.31785212727930006E+01	 -7.57040811000E-06	  1.09131241796790004E+01	 -3.50955501000E-06	  8.96074761349800042E+00	 -3.29818405000E-06	  7.19271954023600024E+00	 -3.47308189000E-06	  5.49852549763259990E+00	 -2.83036957000E-06	  3.70888198171680017E+00	 -3.87127051000E-06	  2.62648399073469996E+00	 -3.89548562000E-06
  2.00000000000000011E-01	  3.59602627226761626E+01	  3.96471520000E-05	  2.12388817530720004E+01	  3.00882527000E-04	  1.60695517178500005E+01	 -8.98141250000E-04	  1.29010864463380006E+01	 -7.70380736000E-05	  1.05585397798650007E+01	 -7.68378536000E-06	  8.66662823410089977E+00	 -2.14267392000E-06	  7.05018570921679988E+00	 -1.90860856000E-06	  5.60313234790949988E+00	 -1.35658860000E-06	  4.23660087429530030E+00	 -1.72136357000E-06	  2.81969480845380005E+00	 -2.00588280000E-06	  1.97702688745959998E+00	 -1.65880869000E-06
  2.50000000000000000E-01	  3.20472663069224737E+01	  2.52538160000E-05	  1.85447507834820016E+01	  7.88547296000E-04	  1.39423678566930000E+01	  1.78213275000E-03	  1.11189174743860004E+01	 -7.87321811000E-05	  9.03659323925050018E+00	 -6.47450424000E-06	  7.36299995540310004E+00	 -1.63012589000E-06	  5.94310840760609960E+00	 -1.07908937000E-06	  4.68375474097129985E+00	 -1.12312500000E-06	  3.50869654354989979E+00	 -9.84566224000E-07	  2.30927422614250011E+00	 -1.08185552000E-06	  1.60623005285059994E+00	 -9.55586773000E-07
  2.99999999999999989E-01	  2.94659625302358137E+01	  2.16180790000E-05	  1.68096139201360018E+01	  7.03353315000E-04	  1.25742931086999992E+01	  1.36270851000E-03	  9.97402331688449983E+00	 -1.25478993000E-04	  8.05983428908539956E+00	 -7.10998690000E-06	  6.52731085786119980E+00	 -1.27435516000E-06	  5.23443096304340028E+00	 -9.02700401000E-07	  4.09626041777409977E+00	 -7.35572678000E-07	  3.04454724952040001E+00	 -7.48498478000E-07	  1.98491897278659990E+00	 -6.73469625000E-07	  1.37150185587649998E+00	 -5.86015431000E-07
  4.00000000000000022E-01	  2.63133282468244722E+01	  2.81113740000E-05	  1.47629573488699997E+01	  6.41796684000E-04	  1.09655916672020002E+01	  1.00642191000E-03	  8.63025169864189934E+00	 -2.42843394000E-04	  6.91545511283220016E+00	 -1.56485703000E-05	  5.55018908574049963E+00	 -1.46489247000E-06	  4.40774847463139974E+00	 -5.29151895000E-07	  3.41275280592520014E+00	 -4.14878909000E-07	  2.50612101313280000E+00	 -3.13688620000E-07	  1.60991661473570002E+00	 -3.16427529000E-07	  1.10099065566229992E+00	 -2.75919615000E-07
  5.00000000000000000E-01	  2.44982782878531644E+01	  2.75134780000E-05	  1.36504062511120008E+01	  7.46226189000E-04	  1.00971069228719994E+01	  1.42861782000E-03	  7.90669868538209997E+00	 -4.04858670000E-04	  6.30155367451889958E+00	 -3.11423336000E-05	  5.02817039137369992E+00	 -2.50079520000E-06	  3.96812694508439989E+00	 -3.91073672000E-07	  3.05097704367479983E+00	 -2.34191874000E-07	  2.22234464369000007E+00	 -1.95430818000E-07	  1.41289573040989991E+00	 -1.88318519000E-07	  9.59090440679300049E-01	 -1.51844295000E-07
  5.99999999999999978E-01	  2.33448283282600570E+01	  2.61829300000E-05	  1.29931140428990002E+01	  9.64629175000E-04	  9.58747174429679916E+00	  8.92143613000E-04	  7.48488774858299966E+00	 -7.47711116000E-04	  5.94576762356399957E+00	 -7.30253105000E-05	  4.72761591931459968E+00	 -7.48320679000E-06	  3.71682442107330013E+00	 -6.05788436000E-07	  2.84562873427970020E+00	 -1.60753845000E-07	  2.06214675870179986E+00	 -1.47246223000E-07	  1.30180550645140003E+00	 -9.57339066000E-08	  8.78896284211590051E-01	 -9.23368436000E-08
  8.00000000000000044E-01	  2.20068505878055696E+01	  2.90554910000E-05	  1.23319945662740000E+01	  1.71003510000E-03	  9.08563689543080066E+00	  1.35100995000E-03	  7.07497270115109966E+00	  7.45389805000E-04	  5.60513451632519999E+00	 -2.80256037000E-04	  4.44485066415060004E+00	 -3.92302780000E-05	  3.48499265057290009E+00	 -3.44641522000E-06	  2.65985689690339999E+00	 -2.46993332000E-07	  1.91922884332130006E+00	 -7.67823447000E-08	  1.20251176003059990E+00	 -4.09224245000E-08	  8.06220812263710007E-01	 -3.78190343000E-08
  1.00000000000000000E+00	  2.12885927145574563E+01	  2.85842970000E-05	  1.20814047600240002E+01	  3.03168424000E-03	  8.90514604552750022E+00	  5.22989773000E-04	  6.93548274673069987E+00	  2.89350944000E-04	  5.49519474340579972E+00	 -7.09741252000E-04	  4.36029325082099994E+00	 -1.26868079000E-04	  3.42193522242460002E+00	 -1.43120673000E-05	  2.61444510373229999E+00	 -1.00753234000E-06	  1.88710885426970010E+00	 -6.52571892000E-08	  1.17962950640900011E+00	 -2.86199416000E-08	  7.87758848035669978E-01	 -2.27323052000E-08
  1.19999999999999996E+00	  2.08613358875827899E+01	  2.62716430000E-05	  1.20161660326980009E+01	  4.73926868000E-03	  8.86848182228260029E+00	  6.87122627000E-04	  6.91612103451770022E+00	  2.32075934000E-04	  5.48842597196640014E+00	  2.26326049000E-04	  4.36423424500480017E+00	 -3.67323689000E-04	  3.43440380968320014E+00	 -5.98279189000E-05	  2.63205842183890004E+00	 -5.05904420000E-06	  1.90491614778890006E+00	 -2.01514636000E-07	  1.19113816567619990E+00	 -1.28470670000E-07	  7.93513715861819957E-01	 -1.88011683000E-09
  1.50000000000000000E+00	  2.04898675899386262E+01	  3.08792720000E-05	  1.20661572599669995E+01	  9.79376870000E-03	  8.93804476952760041E+00	  1.32067544000E-03	  6.98962854881069973E+00	  3.49353683000E-04	  5.56618962908300041E+00	  1.31626118000E-04	  4.44517994241660030E+00	  1.29650291000E-04	  3.51720440047900018E+00	 -2.84253499000E-04	  2.71231740276479982E+00	 -3.96268748000E-05	  1.97470557532470004E+00	 -2.04767717000E-06	  1.23825490411699990E+00	 -1.18608360000E-07	  8.23064510019290041E-01	 -1.19619576000E-07
  2.00000000000000000E+00	  2.01897560051084284E+01	  3.75287280000E-05	  1.22925508126820002E+01	  3.02851681000E-02	  9.18153381384039946E+00	  3.16693436000E-03	  7.21391766754269970E+00	  1.26181650000E-03	  5.78092887542309963E+00	  2.79104425000E-04	  4.65330169213939993E+00	  3.20453267000E-04	  3.71743652946579983E+00	  1.40325320000E-04	  2.89903524005810009E+00	 -3.08994743000E-04	  2.13462981977240007E+00	 -4.11847765000E-05	  1.34794272960389994E+00	 -1.24904402000E-06	  8.94110326017079959E-01	 -2.84437968000E-06
  2.50000000000000000E+00	  2.00532971853930384E+01	  3.17836180000E-05	  1.25790404754629996E+01	  2.18852201000E-02	  9.45594052020820008E+00	  1.05863318000E-02	  7.47103772122159970E+00	  2.21203802000E-03	  6.01967342515659976E+00	  7.69027107000E-04	  4.88062591515390043E+00	  5.54672851000E-04	  3.93412579268989981E+00	  1.30734532000E-04	  3.10004681993460007E+00	  1.65474248000E-04	  2.30788910622939980E+00	 -2.00883489000E-04	  1.46873051550079992E+00	 -5.73444761000E-06	  9.73159903846229968E-01	 -1.17616785000E-05
  3.00000000000000000E+00	  1.99846305927841073E+01	  4.94175720000E-05	  1.28651716483849992E+01	  2.53857100000E-02	  9.77177668405290056E+00	  2.02079021000E-02	  7.72754233691810022E+00	  4.07642303000E-03	  6.25415702076470037E+00	  1.71020892000E-03	  5.10187526491070020E+00	  9.41034285000E-04	  4.14447930512749974E+00	  6.19955757000E-04	  3.29636057125660020E+00	  7.37150298000E-05	  2.47883760068690018E+00	 -7.10928644000E-04	  1.59000251187090003E+00	 -3.71779595000E-05	  1.05302980641780008E+00	 -9.83519020000E-06
  4.00000000000000000E+00	  1.99254568457370453E+01	  4.04382320000E-05	  1.33917463106139998E+01	  2.76494768000E-02	  1.02006644694930007E+01	  1.30261402000E-02	  8.18715704985189952E+00	  6.79490556000E-03	  6.68208774280970008E+00	  2.81311694000E-03	  5.50420942159899962E+00	  1.59883152000E-03	  4.52886017021310039E+00	  1.45548606000E-03	  3.65819652198690015E+00	  7.31138174000E-04	  2.79869186120359981E+00	  3.23332942000E-04	  1.82267246655440007E+00	  1.48339412000E-04	  1.20783129538599998E+00	 -2.19186259000E-04
  5.00000000000000000E+00	  1.99051571036678574E+01	  2.25161810000E-05	  1.39085252780819992E+01	  2.13281916000E-02	  1.06140346011749998E+01	  1.28304255000E-02	  8.58298333591550033E+00	  1.00834122000E-02	  7.05488190871349996E+00	  4.53794050000E-03	  5.85435798658410000E+00	  2.48736314000E-03	  4.86220747976530010E+00	  1.97784436000E-03	  3.97854405843759995E+00	  4.79236335000E-03	  3.08507170683830001E+00	  1.17443674000E-04	  2.03824375166390004E+00	  6.03011154000E-05	  1.35356295876070010E+00	 -4.07393234000E-04
  6.00000000000000000E+00	  1.98998947225621414E+01	  4.92180110000E-05	  1.42685215693550003E+01	  4.03225902000E-02	  1.10758515663089998E+01	  3.14480381000E-02	  8.96354689284519957E+00	  1.70006727000E-02	  7.37720940823639992E+00	  7.23429104000E-03	  6.16310901969399971E+00	  4.84371621000E-03	  5.15667146772339979E+00	  4.02758389000E-03	  4.25818004125730010E+00	  6.51760140000E-03	  3.34221832385170003E+00	  1.94718262000E-03	  2.23751302659819995E+00	  2.09172520000E-04	  1.49069432525600010E+00	 -6.71539320000E-04
  8.00000000000000000E+00	  1.98991409699014383E+01	  7.73616570000E-05	  0.00000000000000000E+00	  0.00000000000E+00	  1.15480074562239992E+01	  2.81892610000E-02	  9.55711576502669935E+00	  2.88787873000E-02	  7.92015739300070010E+00	  1.08558900000E-02	  6.67011188901440022E+00	  1.00471580000E-02	  5.65230650537889989E+00	  8.44998526000E-03	  4.72263631385260041E+00	  3.36024819000E-03	  3.78507558505949993E+00	  3.93290626000E-03	  2.59383947682800020E+00	  9.91535761000E-04	  1.74266047333050000E+00	  2.58988723000E-04
  1.00000000000000000E+01	  1.99033843901726151E+01	  6.29791390000E-05	  1.50961147808289997E+01	  3.16594422000E-02	  1.21860073566120004E+01	  4.69556861000E-02	  9.92552783955889950E+00	  3.45722517000E-02	  8.32104903086949932E+00	  1.21933148000E-02	  7.09490708554840044E+00	  1.40329531000E-02	  6.05078892551220004E+00	  1.20246378000E-02	  5.12017535580820038E+00	  1.21049435000E-02	  4.15739040750369959E+00	  1.28410801000E-02	  2.90446135857200005E+00	  6.41713695000E-04	  1.96990141953719999E+00	  7.72275282000E-04
  1.20000000000000000E+01	  1.99071221175665443E+01	  8.21443300000E-05	  0.00000000000000000E+00	  0.00000000000E+00	  0.00000000000000000E+00	  0.00000000000E+00	  0.00000000000000000E+00	  0.00000000000E+00	  8.61735064003119966E+00	  1.53058972000E-02	  7.43667349950140011E+00	  1.39975750000E-02	  6.38910881336379965E+00	  1.10916279000E-02	  5.44503331685189984E+00	  5.43364810000E-03	  4.47274130068839959E+00	  8.61847625000E-03	  3.17961833121829995E+00	  2.81988486000E-03	  2.17823164107079981E+00	 -5.47768277000E-04
  1.50000000000000000E+01	  1.99129901122379493E+01	  7.16285390000E-05	  0.00000000000000000E+00	  0.00000000000E+00	  0.00000000000000000E+00	  0.00000000000E+00	  0.00000000000000000E+00	  0.00000000000E+00	  0.00000000000000000E+00	  0.00000000000E+00	  7.80270923680619966E+00	  1.84127141000E-02	  6.77374903221890001E+00	  8.28793721000E-03	  5.86390953923180014E+00	  1.03085892000E-02	  4.88426168328039978E+00	  2.25797282000E-02	  3.54030023124030002E+00	  1.02280638000E-02	  2.46182557339689989E+00	  5.29327274000E-03
  2.00000000000000000E+01	  1.99172865377251114E+01	  7.65264990000E-05	  0.00000000000000000E+00	  0.00000000000E+00	  0.00000000000000000E+00	  0.00000000000E+00	  0.00000000000000000E+00	  0.00000000000E+00	  0.00000000000000000E+00	  0.00000000000E+00	  0.00000000000000000E+00	  0.00000000000E+00	  7.36103334786909969E+00	  2.18665743000E-02	  6.37325443892669963E+00	  9.96999225000E-03	  5.40936489912110030E+00	  7.25447096000E-03	  4.03965207359760026E+00	  2.36019186000E-02	  2.86745938713759996E+00	  1.49014516000E-03
  2.50000000000000000E+01	  1.99206216657748207E+01	  9.39490640000E-05	  0.00000000000000000E+00	  0.00000000000E+00	  0.00000000000000000E+00	  0.00000000000E+00	  0.00000000000000000E+00	  0.00000000000E+00	  0.00000000000000000E+00	  0.00000000000E+00	  0.00000000000000000E+00	  0.00000000000E+00	  0.00000000000000000E+00	  0.00000000000E+00	  6.85628666257789998E+00	  2.23841387000E-02	  5.83182113806430014E+00	  1.24626964000E-02	  0.00000000000000000E+00	  0.00000000000E+00	  3.21620583040269992E+00	  1.11289516000E-02
  3.00000000000000000E+01	  1.99221071976798108E+01	  8.50845670000E-05	  0.00000000000000000E+00	  0.00000000000E+00	  0.00000000000000000E+00	  0.00000000000E+00	  0.00000000000000000E+00	  0.00000000000E+00	  0.00000000000000000E+00	  0.00000000000E+00	  0.00000000000000000E+00	  0.00000000000E+00	  0.00000000000000000E+00	  0.00000000000E+00	  0.00000000000000000E+00	  0.00000000000E+00	  6.18795229739160035E+00	  2.72203120000E-02	  0.00000000000000000E+00	  0.00000000000E+00	  3.52047416333480001E+00	  2.33555016000E-02
  4.00000000000000000E+01	  1.99240352352110257E+01	  5.23254310000E-05	  0.00000000000000000E+00	  0.00000000000E+00	  0.00000000000000000E+00	  0.00000000000E+00	  0.00000000000000000E+00	  0.00000000000E+00	  0.00000000000000000E+00	  0.00000000000E+00	  0.00000000000000000E+00	  0.00000000000E+00	  0.00000000000000000E+00	  0.00000000000E+00	  0.00000000000000000E+00	  0.00000000000E+00	  0.00000000000000000E+00	  0.00000000000E+00	  0.00000000000000000E+00	  0.00000000000E+00	  0.00000000000000000E+00	  0.00000000000E+00
  5.00000000000000000E+01	  1.99262196928802915E+01	  5.31127010000E-05	  1.71008319056716331E+01	  1.52235850000E-04	  1.48237598938299460E+01	  1.46558440000E-04	  1.29542814399337516E+01	  1.43953140000E-04	  1.14287037879176800E+01	  1.42504590000E-04	  1.01858006008093014E+01	  1.41643820000E-04	  9.14885330110876005E+00	  1.41196440000E-04	  8.21828070110352904E+00	  1.41030400000E-04	  7.23739666775238977E+00	  1.41194570000E-04	  5.80595456130597132E+00	  1.40952220000E-04	  4.44558947257712056E+00	  1.40481270000E-04
  5.50000000000000000E+01	  0.00000000000000000E+00	  0.00000000000E+00	  1.71747416066675385E+01	  1.53018050000E-04	  1.49395828333411274E+01	  1.47117540000E-04	  1.30990476288647564E+01	  1.44354120000E-04	  1.15893472705592817E+01	  1.42784190000E-04	  1.03590234425636876E+01	  1.41822280000E-04	  9.33100117153332143E+00	  1.41241600000E-04	  8.40861043490982496E+00	  1.40992180000E-04	  7.43288825188383040E+00	  1.40880500000E-04	  6.00215970744712646E+00	  1.41126150000E-04	  4.63062280716843944E+00	  1.41012630000E-04
  6.00000000000000000E+01	  1.99274091520752314E+01	  5.06747770000E-05	  1.72374883682459448E+01	  1.53769070000E-04	  1.50424046151048341E+01	  1.47664230000E-04	  1.32255820292226183E+01	  1.44724210000E-04	  1.17328707995607111E+01	  1.43032460000E-04	  1.05115090254601284E+01	  1.41958270000E-04	  9.49587441282712774E+00	  1.41297060000E-04	  8.58328387352888811E+00	  1.40917720000E-04	  7.61244602284301752E+00	  1.40990650000E-04	  6.18181763224853142E+00	  1.41110170000E-04	  4.80182368200397214E+00	  1.40734500000E-04
  7.00000000000000000E+01	  0.00000000000000000E+00	  0.00000000000E+00	  1.73401337794816754E+01	  1.55086540000E-04	  1.52091928754197152E+01	  1.48651310000E-04	  1.34385261938821632E+01	  1.45454800000E-04	  1.19767843375221830E+01	  1.43539440000E-04	  1.07773733170096833E+01	  1.42299500000E-04	  9.78050065311633610E+00	  1.41458430000E-04	  8.88732853073250872E+00	  1.41226170000E-04	  7.93201406403111875E+00	  1.40968410000E-04	  6.50408509423657044E+00	  1.41131600000E-04	  5.11052714120287366E+00	  1.40514700000E-04
  8.00000000000000000E+01	  1.99272179879826155E+01	  5.71874070000E-05	  1.74202251343249124E+01	  1.56280690000E-04	  1.53418688951532225E+01	  1.49575890000E-04	  1.36092626782795261E+01	  1.46151110000E-04	  1.21765626942895917E+01	  1.44037720000E-04	  1.09997543382707033E+01	  1.42675370000E-04	  1.00210196185531615E+01	  1.41757740000E-04	  9.14712508965050830E+00	  1.41121900000E-04	  8.20838358227673304E+00	  1.40755340000E-04	  6.78583289302376524E+00	  1.41149950000E-04	  5.38249999843911375E+00	  1.41417310000E-04
  9.00000000000000000E+01	  0.00000000000000000E+00	  0.00000000000E+00	  1.74836841001386070E+01	  1.57388170000E-04	  1.54488954054941328E+01	  1.50426650000E-04	  1.37498042760612460E+01	  1.46809610000E-04	  1.23426775755269222E+01	  1.44565140000E-04	  1.11859044257682463E+01	  1.43108480000E-04	  1.02277349411426322E+01	  1.41934980000E-04	  9.37285301896577394E+00	  1.41236720000E-04	  8.45172657076251888E+00	  1.41023740000E-04	  7.03552393271226961E+00	  1.40909950000E-04	  5.62591688436624260E+00	  1.40908340000E-04
  1.00000000000000000E+02	  1.99276509781533946E+01	  6.23574660000E-05	  1.75364079401867876E+01	  1.58387570000E-04	  1.55374553296976803E+01	  1.51232400000E-04	  1.38682977889704233E+01	  1.47423490000E-04	  1.24852281806644783E+01	  1.45009980000E-04	  1.13492044633046856E+01	  1.43372210000E-04	  1.04073535062734042E+01	  1.42192990000E-04	  9.57115169738827909E+00	  1.41459220000E-04	  8.66790946923911854E+00	  1.41142470000E-04	  7.26043651889123698E+00	  1.40943160000E-04	  5.84585733186199619E+00	  1.41028810000E-04
  1.10000000000000000E+02	  0.00000000000000000E+00	  0.00000000000E+00	  1.75800652169626517E+01	  1.59318300000E-04	  1.56120108403961435E+01	  1.51984140000E-04	  1.39683980790067466E+01	  1.48044260000E-04	  1.26077830741436028E+01	  1.45446900000E-04	  1.14888962903700413E+01	  1.43686090000E-04	  1.05651903700483132E+01	  1.42385610000E-04	  9.74773922977873397E+00	  1.41417670000E-04	  8.86240099958282990E+00	  1.40875840000E-04	  7.46498473221938053E+00	  1.41051040000E-04	  6.04681635170004395E+00	  1.40782040000E-04
  1.20000000000000000E+02	  0.00000000000000000E+00	  0.00000000000E+00	  1.76172466879405221E+01	  1.60205510000E-04	  1.56756617101621565E+01	  1.52706810000E-04	  1.40543514950731510E+01	  1.48632800000E-04	  1.27135749598827648E+01	  1.45919480000E-04	  1.16146161547276687E+01	  1.44036310000E-04	  1.07067127237422728E+01	  1.42642320000E-04	  9.90544159045566097E+00	  1.41528790000E-04	  9.03834507101602114E+00	  1.40976110000E-04	  7.65237739521822569E+00	  1.40926110000E-04	  6.23136732120630921E+00	  1.40571050000E-04
  1.35000000000000000E+02	  0.00000000000000000E+00	  0.00000000000E+00	  1.76634415621878986E+01	  1.61374160000E-04	  1.57562036343427270E+01	  1.53681050000E-04	  1.41634580710079305E+01	  1.49433340000E-04	  1.28495228335704414E+01	  1.46563540000E-04	  1.17758305312546003E+01	  1.44773710000E-04	  1.08914635568102884E+01	  1.43161330000E-04	  1.01148543789222565E+01	  1.41912200000E-04	  9.27424287590864971E+00	  1.41093640000E-04	  7.90717657046624112E+00	  1.40880970000E-04	  6.48362205722793217E+00	  1.40923260000E-04
  1.50000000000000000E+02	  0.00000000000000000E+00	  0.00000000000E+00	  1.77006738359745519E+01	  1.62464460000E-04	  1.58217507486991309E+01	  1.54596880000E-04	  1.42543768726856097E+01	  1.50181550000E-04	  1.29637846960875347E+01	  1.47183890000E-04	  1.19122970643753501E+01	  1.44991110000E-04	  1.10514495035835232E+01	  1.43292060000E-04	  1.02969580032562966E+01	  1.42051780000E-04	  9.48249764325558253E+00	  1.41506140000E-04	  8.13531639764735992E+00	  1.40961850000E-04	  6.71095678812689744E+00	  1.41194650000E-04
  1.75000000000000000E+02	  0.00000000000000000E+00	  0.00000000000E+00	  1.77511113619462400E+01	  1.75418380000E-04	  1.59103527256470638E+01	  1.55974770000E-04	  1.43749145105792184E+01	  1.51361320000E-04	  1.31173709352052779E+01	  1.48161470000E-04	  1.21000963400328114E+01	  1.45755710000E-04	  1.12729383458490080E+01	  1.43878500000E-04	  1.05551564149808588E+01	  1.42456880000E-04	  9.78137459392275765E+00	  1.41396620000E-04	  8.46905542696997848E+00	  1.40845920000E-04	  7.04580797708535833E+00	  1.40938530000E-04
  2.00000000000000000E+02	  0.00000000000000000E+00	  0.00000000000E+00	  1.77880046091635649E+01	  2.25783450000E-04	  1.59777667107044827E+01	  1.57225450000E-04	  1.44699575120586079E+01	  1.52445700000E-04	  1.32384000692026582E+01	  1.49069650000E-04	  1.22486076308449192E+01	  1.46512030000E-04	  1.14531628474508462E+01	  1.44437800000E-04	  1.07687073314422967E+01	  1.42853110000E-04	  1.00318946928309920E+01	  1.41708240000E-04	  8.75753103443825509E+00	  1.40942200000E-04	  7.33809832319364919E+00	  1.41010140000E-04
  2.25000000000000000E+02	  0.00000000000000000E+00	  0.00000000000E+00	  1.78174555462379161E+01	  2.88581010000E-04	  1.60330334463175106E+01	  1.58350250000E-04	  1.45464605264250952E+01	  1.53425000000E-04	  1.33366539976342846E+01	  1.49922180000E-04	  1.23716142805746134E+01	  1.47194780000E-04	  1.16031691121504128E+01	  1.44961620000E-04	  1.09500656771075171E+01	  1.43167820000E-04	  1.02481881728341246E+01	  1.41762660000E-04	  9.01099179920740490E+00	  1.40959050000E-04	  7.59769740762246570E+00	  1.40975240000E-04
  2.50000000000000000E+02	  0.00000000000000000E+00	  0.00000000000E+00	  1.78411907119551074E+01	  3.73998040000E-04	  1.60770975184629599E+01	  1.59461500000E-04	  1.46076809208837783E+01	  1.54401020000E-04	  1.34174929869235680E+01	  1.50757780000E-04	  1.24735082810348015E+01	  1.47879680000E-04	  1.17298876887333243E+01	  1.45493340000E-04	  1.11052594916203162E+01	  1.43535780000E-04	  1.04355776627718750E+01	  1.42013810000E-04	  9.23541721163466001E+00	  1.40912580000E-04	  7.83092899910400586E+00	  1.40864690000E-04
  2.75000000000000000E+02	  0.00000000000000000E+00	  0.00000000000E+00	  1.78610557681513171E+01	  4.57835080000E-04	  1.61138279342084587E+01	  1.60340500000E-04	  1.46609498131738434E+01	  1.55185590000E-04	  1.34860117580849970E+01	  1.51446980000E-04	  1.25599816267841380E+01	  1.48473490000E-04	  1.18395773375961024E+01	  1.46288850000E-04	  1.12405768103811798E+01	  1.44033610000E-04	  1.06010051007874875E+01	  1.42230470000E-04	  9.43674787448631847E+00	  1.41082960000E-04	  8.04284401107440949E+00	  1.41012800000E-04
  3.00000000000000000E+02	  0.00000000000000000E+00	  0.00000000000E+00	  1.78750692825256543E+01	  5.45157550000E-04	  1.61446900581467929E+01	  1.61231260000E-04	  1.47058569709176155E+01	  1.55979410000E-04	  1.35442028436085131E+01	  1.52152320000E-04	  1.26341011450636689E+01	  1.49074700000E-04	  1.19328333820158079E+01	  1.46489680000E-04	  1.13588860210384652E+01	  1.44235940000E-04	  1.07486606759468462E+01	  1.42427360000E-04	  9.61884310443495494E+00	  1.41274630000E-04	  8.23643531529411099E+00	  1.41095540000E-04
